-3.0054414813154797
-3.256232842176033
-3.6410863353689282
-4.140736175696118
-4.70822595103367
-5.271387752815285
-5.71233682559247
-5.931991988346686
-5.902347470446523
-5.651619138327076
-5.217645246232282
-4.562083309989356
-3.60406745475937
3.675668104655723
5.166886100061628
6.671844361028629
7.955130539526023
8.798455095523558
9.0
8.451208751190542
7.217988402711638
5.50066530337834
3.5919449268866592
-4.199563000728332
-5.630000280127739
-6.517865146506807
-6.796116028909182
-6.568666311838197
-6.099585410947393
-5.621323323435487
-5.064569443666312
-4.1278783125105045
3.2433329598296825
4.588933553700487
5.280169757409379
5.051732590061068
4.15745980166956
3.1301963695445134
-3.5666073729620704
-3.7559667208246967
-3.6067566810465577
-3.4703204661325557
-3.5629096868171892
-3.7732155863073564
-3.8098773040506466
-3.5643593478626254
-3.146436775169477
3.2254327973555945
3.4826320802285844
3.6450151268978654
3.701320802285842
3.5879320970362483
3.25999355706202
-3.224949577007115
-3.6943666311838195
-3.9654532466804864
-3.952511345173399
-3.6995770071152445
-3.321026388032943
3.060402543559863
3.3528559022914446
3.506709059331055
3.5066040114292116
3.3612807440192727
3.0988500756344894
-3.231672642725083
-3.552257829570284
-3.7854431620819087
-3.879208919267186
-3.831832315535884
-3.669596335929184
-3.4504243935234467
-3.222176312398454
-3.0176900666704016
3.1470880721609054
3.267430948512522
3.3456075970642614
3.3732982239901395
3.3396408762395655
3.2279119278390946
3.0466622779987675
-3.168202700431397
-3.4040982688105776
-3.656612415261359
-3.9199675051823633
-4.160043980054905